9.001306884009074420e+05 -1.327818149461468274e+05 -1.647050688247719663e+05 -1.614224792979136146e+04 -4.960570441870353534e+03 -1.543873709322280547e+03 9.168019040556722030e+04 -6.450164522781054256e+04 1.135297576660838968e+05 4.246982523756222508e+04 3.879886301967911277e+04 7.821849702156536296e+03 9.243861189597575503e+03
-1.327818149461468274e+05 3.070528481005664435e+04 2.048898947576136561e+04 -5.753852600990931933e+03 9.850935443809696608e+02 1.148287051947243299e+03 -1.810771708806493916e+04 1.009578747821272918e+04 -2.163937358221656177e+04 -5.626838696019045528e+03 -8.302632065628551572e+03 -9.593991790152438170e+02 1.265962406358637736e+03
-1.647050688247719663e+05 2.048898947576136561e+04 3.391298216291910649e+04 5.545035755306536885e+03 4.734231122438638408e+02 -3.035308569379960772e+02 -1.445590162759087070e+04 1.209561843080592189e+04 -1.917515293203021793e+04 -7.482355608378215948e+03 -5.985439925354949082e+03 -9.658200716875601302e+02 -2.975426840918889866e+03
-1.614224792979136146e+04 -5.753852600990931933e+03 5.545035755306536885e+03 1.003607762119349718e+04 -3.596753203079607829e+03 -8.758954530425803853e+01 1.902835409374455594e+03 2.716014118810311174e+03 3.922085577567350356e+03 -3.362393134031942282e+03 1.903170901210206921e+03 1.173650117644434886e+03 -1.088369310356535607e+03
-4.960570441870353534e+03 9.850935443809696608e+02 4.734231122438638408e+02 -3.596753203079607829e+03 5.387069618174072275e+03 -5.913374005725394227e+02 -1.102443048018428499e+03 -3.363719335543134548e+03 -3.007193250414919930e+03 2.826229299806308973e+03 -8.636631125083322331e+02 -2.165346789159243599e+03 -9.106661709059159193e+02
-1.543873709322280547e+03 1.148287051947243299e+03 -3.035308569379960772e+02 -8.758954530425803853e+01 -5.913374005725394227e+02 7.902867960877423457e+02 -1.250308662986271656e+03 7.914147056279210801e+02 -5.327727014515336350e+02 -4.785224380403200257e+02 -2.545495511272659996e+02 1.158358409276808487e+01 2.870197920156309692e+02
9.168019040556722030e+04 -1.810771708806493916e+04 -1.445590162759087070e+04 1.902835409374455594e+03 -1.102443048018428499e+03 -1.250308662986271656e+03 1.694195443856405109e+04 -5.611688910383008988e+03 1.609896195228085526e+04 3.582192781366608415e+03 4.915107347435203337e+03 2.127849238541675732e+03 5.797475750223786690e+02
-6.450164522781054256e+04 1.009578747821272918e+04 1.209561843080592189e+04 2.716014118810311174e+03 -3.363719335543134548e+03 7.914147056279210801e+02 -5.611688910383008988e+03 9.990395048868886079e+03 -6.556300117398025577e+03 -5.778898528119386356e+03 -3.003378173060275003e+03 1.754027889518162283e+03 -1.314697315496217129e+02
1.135297576660838968e+05 -2.163937358221656177e+04 -1.917515293203021793e+04 3.922085577567350356e+03 -3.007193250414919930e+03 -5.327727014515336350e+02 1.609896195228085526e+04 -6.556300117398025577e+03 1.953733478725496025e+04 3.580716629119669960e+03 6.460156754305155118e+03 2.343672091671962789e+03 1.041564549330066029e+03
4.246982523756222508e+04 -5.626838696019045528e+03 -7.482355608378215948e+03 -3.362393134031942282e+03 2.826229299806308973e+03 -4.785224380403200257e+02 3.582192781366608415e+03 -5.778898528119386356e+03 3.580716629119669960e+03 4.801710970534003536e+03 1.311155453760840828e+03 -1.102952752641842835e+03 7.518274551378056003e+00
3.879886301967911277e+04 -8.302632065628551572e+03 -5.985439925354949082e+03 1.903170901210206921e+03 -8.636631125083322331e+02 -2.545495511272659996e+02 4.915107347435203337e+03 -3.003378173060275003e+03 6.460156754305155118e+03 1.311155453760840828e+03 2.932029880599938224e+03 5.342764277091483791e+02 -1.263629389702947634e+02
7.821849702156536296e+03 -9.593991790152438170e+02 -9.658200716875601302e+02 1.173650117644434886e+03 -2.165346789159243599e+03 1.158358409276808487e+01 2.127849238541675732e+03 1.754027889518162283e+03 2.343672091671962789e+03 -1.102952752641842835e+03 5.342764277091483791e+02 1.814477142195618853e+03 5.010621004251681256e+02
9.243861189597575503e+03 1.265962406358637736e+03 -2.975426840918889866e+03 -1.088369310356535607e+03 -9.106661709059159193e+02 2.870197920156309692e+02 5.797475750223786690e+02 -1.314697315496217129e+02 1.041564549330066029e+03 7.518274551378056003e+00 -1.263629389702947634e+02 5.010621004251681256e+02 1.362052303668306195e+03
