9.354984142464630713e+04 1.133728591337984471e+04 -3.255556365818816266e+04 -9.275848717178801962e+03 1.400083102507894910e+04 -5.883813084886493925e+03 -1.417343698636525460e+03 -5.322813888535733895e+03 1.277586646628803464e+04 8.780663844106773468e+03 1.218467740942680211e+04 -3.997756640729948685e+03 1.470454936149756350e+03
1.133728591337984471e+04 3.804484893769525115e+03 -4.346521235494771645e+03 -2.076409255704908446e+03 3.965403333957944142e+03 9.635017642269384623e+02 4.892017968775514873e+02 -1.596465223637532290e+03 2.586711776598913275e+03 6.486654546777107271e+02 1.525061744280207222e+03 5.934486153084857278e+02 1.431939398937259966e+03
-3.255556365818816266e+04 -4.346521235494771645e+03 2.555885889640498863e+04 8.381647314873644063e+03 -1.929192960348131237e+04 -5.644025918347053448e+03 -1.296450624787761626e+03 6.412808736744981616e+03 -9.349631307606887276e+03 -8.695937317630517782e+02 -4.381563751289732863e+03 2.368078949042660781e+02 -3.969888401033181708e+03
-9.275848717178801962e+03 -2.076409255704908446e+03 8.381647314873644063e+03 5.825038008268551494e+03 -7.694701599549430284e+03 -3.321273999351661587e+03 -1.346223900020920837e+03 3.246115550066104788e+03 -3.856243588332572926e+03 9.141989334049371791e+02 -1.970544094031332406e+03 -4.752001088590577069e+02 -2.266865619671283184e+03
1.400083102507894910e+04 3.965403333957944142e+03 -1.929192960348131237e+04 -7.694701599549430284e+03 1.981455404228119733e+04 8.523371066729318045e+03 1.781815161798528152e+03 -6.729691540213505505e+03 8.173732494025416599e+03 -1.016262222152699565e+03 2.324508507537394507e+03 1.414702651501883565e+03 4.636584983752499284e+03
-5.883813084886493925e+03 9.635017642269384623e+02 -5.644025918347053448e+03 -3.321273999351661587e+03 8.523371066729318045e+03 7.432777164081760020e+03 3.775070267893853497e+02 -2.758897806401874732e+03 2.361635237074649012e+03 -1.358547598525566400e+03 -8.445705178971282976e+02 2.617455983232938706e+03 2.627943237046690228e+03
-1.417343698636525460e+03 4.892017968775514873e+02 -1.296450624787761626e+03 -1.346223900020920837e+03 1.781815161798528152e+03 3.775070267893853497e+02 3.423392548708197410e+03 -1.291436211274357902e+03 5.621665934544612355e+02 -2.648254577583963965e+03 6.359637653572610816e+02 1.774375676882568484e+02 2.156914224562993695e+03
-5.322813888535733895e+03 -1.596465223637532290e+03 6.412808736744981616e+03 3.246115550066104788e+03 -6.729691540213505505e+03 -2.758897806401874732e+03 -1.291436211274357902e+03 4.668083644995681425e+03 -2.695937621075550851e+03 7.053757373679635521e+02 -1.266501683978190385e+03 -4.828944021530162445e+02 -1.971961747857260889e+03
1.277586646628803464e+04 2.586711776598913275e+03 -9.349631307606887276e+03 -3.856243588332572926e+03 8.173732494025416599e+03 2.361635237074649012e+03 5.621665934544612355e+02 -2.695937621075550851e+03 4.901390656274125831e+03 4.546484384307401001e+02 1.901083530126851429e+03 2.648394139253688309e+02 1.591185509870873830e+03
8.780663844106773468e+03 6.486654546777107271e+02 -8.695937317630517782e+02 9.141989334049371791e+02 -1.016262222152699565e+03 -1.358547598525566400e+03 -2.648254577583963965e+03 7.053757373679635521e+02 4.546484384307401001e+02 3.091172717409853703e+03 5.750293631957081288e+02 -5.502053551189684413e+02 -1.716424950676634353e+03
1.218467740942680211e+04 1.525061744280207222e+03 -4.381563751289732863e+03 -1.970544094031332406e+03 2.324508507537394507e+03 -8.445705178971282976e+02 6.359637653572610816e+02 -1.266501683978190385e+03 1.901083530126851429e+03 5.750293631957081288e+02 2.121824678412267986e+03 -5.778852102985955526e+02 5.857044669641152268e+02
-3.997756640729948685e+03 5.934486153084857278e+02 2.368078949042660781e+02 -4.752001088590577069e+02 1.414702651501883565e+03 2.617455983232938706e+03 1.774375676882568484e+02 -4.828944021530162445e+02 2.648394139253688309e+02 -5.502053551189684413e+02 -5.778852102985955526e+02 1.846539818039812189e+03 1.113440129254982139e+03
1.470454936149756350e+03 1.431939398937259966e+03 -3.969888401033181708e+03 -2.266865619671283184e+03 4.636584983752499284e+03 2.627943237046690228e+03 2.156914224562993695e+03 -1.971961747857260889e+03 1.591185509870873830e+03 -1.716424950676634353e+03 5.857044669641152268e+02 1.113440129254982139e+03 2.713720012865289391e+03
