1.618459473175570136e+06 -1.529685477028403839e+05 -1.049470270792277151e+05 -3.538705244276665326e+04 5.634380896018762724e+04 1.847879936918722160e+04 1.274740891225006635e+04 7.695453516908634811e+03 2.066631695681306883e+04 -2.799044363187026102e+04 2.538779297323020728e+04 1.749658965232773335e+04 -2.346663167393345066e+04
-1.529685477028403839e+05 4.495142339616879326e+04 5.185896556987152508e+03 1.923333367894636467e+03 7.849069576090876126e+02 -1.486128390112065244e+04 1.192133479887794920e+03 -3.592411663020654800e+01 1.077960501929021484e+04 -5.706840861872859932e+03 -8.602823630496966871e+03 1.709396029301384033e+03 -5.734722727956273047e+03
-1.049470270792277151e+05 5.185896556987152508e+03 9.955806347123632804e+03 3.716513552849302414e+03 -4.452210276761210480e+03 8.520611763092820183e+02 -1.730345620223276228e+03 -6.068436568253416681e+02 -4.152196546060301444e+03 3.602394339115688126e+03 -4.387123871232037118e+02 -1.990193201574322075e+03 4.230680648990096415e+03
-3.538705244276665326e+04 1.923333367894636467e+03 3.716513552849302414e+03 4.556545024871608803e+03 3.392295421177191656e+03 7.251077595324949243e+02 -1.962214771504042346e+03 -1.681441542406632379e+03 -1.676212944751103805e+03 -7.483531640464588008e+02 2.616291867319635458e+03 1.017245341146382998e+03 1.492633993200081250e+03
5.634380896018762724e+04 7.849069576090876126e+02 -4.452210276761210480e+03 3.392295421177191656e+03 1.572164767980577562e+04 -1.060092083662515734e+03 -9.132459685235860434e+02 -2.150742613831498147e+03 1.978014671259316174e+03 -7.723303221034681883e+03 4.962905501408896271e+03 4.509053136495924264e+03 -3.072207261361382734e+03
1.847879936918722160e+04 -1.486128390112065244e+04 8.520611763092820183e+02 7.251077595324949243e+02 -1.060092083662515734e+03 6.976476341831120408e+03 -1.023166291228057844e+03 -4.338463417661679387e+02 -4.897980521927856898e+03 2.795188888500340454e+03 3.754658339574767524e+03 -4.162803120436531117e+02 2.407092944460274339e+03
1.274740891225006635e+04 1.192133479887794920e+03 -1.730345620223276228e+03 -1.962214771504042346e+03 -9.132459685235860434e+02 -1.023166291228057844e+03 1.765264129830854927e+03 1.108198330096545533e+03 1.380314910012537894e+03 -2.958199733428892273e+02 -1.719819179726088350e+03 -3.939453762921472730e+02 -1.411684735989050523e+03
7.695453516908634811e+03 -3.592411663020654800e+01 -6.068436568253416681e+02 -1.681441542406632379e+03 -2.150742613831498147e+03 -4.338463417661679387e+02 1.108198330096545533e+03 1.349766444538869564e+03 5.859362970887984829e+02 8.388456282104212960e+02 -1.568683165730884184e+03 -1.178668442271797630e+03 -2.969988005027591953e+02
2.066631695681306883e+04 1.077960501929021484e+04 -4.152196546060301444e+03 -1.676212944751103805e+03 1.978014671259316174e+03 -4.897980521927856898e+03 1.380314910012537894e+03 5.859362970887984829e+02 6.635276774819954881e+03 -3.593645646966965160e+03 -2.679269204939192150e+03 1.948211675874695857e+03 -4.628200909694352049e+03
-2.799044363187026102e+04 -5.706840861872859932e+03 3.602394339115688126e+03 -7.483531640464588008e+02 -7.723303221034681883e+03 2.795188888500340454e+03 -2.958199733428892273e+02 8.388456282104212960e+02 -3.593645646966965160e+03 5.470651972694562573e+03 -1.102418870910394162e+03 -3.041212625454982117e+03 3.411792951148198881e+03
2.538779297323020728e+04 -8.602823630496966871e+03 -4.387123871232037118e+02 2.616291867319635458e+03 4.962905501408896271e+03 3.754658339574767524e+03 -1.719819179726088350e+03 -1.568683165730884184e+03 -2.679269204939192150e+03 -1.102418870910394162e+03 5.054081666707334989e+03 1.792623829174412094e+03 1.394601124774539585e+03
1.749658965232773335e+04 1.709396029301384033e+03 -1.990193201574322075e+03 1.017245341146382998e+03 4.509053136495924264e+03 -4.162803120436531117e+02 -3.939453762921472730e+02 -1.178668442271797630e+03 1.948211675874695857e+03 -3.041212625454982117e+03 1.792623829174412094e+03 3.122018825077950169e+03 -1.886328356595081232e+03
-2.346663167393345066e+04 -5.734722727956273047e+03 4.230680648990096415e+03 1.492633993200081250e+03 -3.072207261361382734e+03 2.407092944460274339e+03 -1.411684735989050523e+03 -2.969988005027591953e+02 -4.628200909694352049e+03 3.411792951148198881e+03 1.394601124774539585e+03 -1.886328356595081232e+03 5.048128436667522692e+03
