1.088497083949893015e+06 -1.157905455733570998e+05 5.245145403932721092e+04 6.129070710129186773e+04 1.889346667090405390e+04 6.981199682803543510e+03 -6.841796417681989260e+04 -7.259487318784597846e+03 -2.356849521819124129e+04 -1.652782645416324522e+04 3.175312801897546888e+04 -1.802884536298570674e+04 -2.562266880039923763e+03
-1.157905455733570998e+05 4.093610664599793381e+04 -2.491318466558558066e+04 -1.758266277435405573e+04 3.596415933068054437e+04 -1.616759200565595893e+04 1.763731704251689735e+04 -8.467252141304816178e+03 2.375305709881696657e+03 -6.832706361436424913e+02 2.261442476963601166e+03 2.261692529000747982e+03 2.536957448309518441e+03
5.245145403932721092e+04 -2.491318466558558066e+04 3.133119780820055894e+04 9.248555120047090895e+03 -5.372801292001597176e+04 6.101885169650654461e+03 -1.906223288775336550e+04 1.040597580532196662e+04 2.588019577178165036e+03 6.558454436846060162e+03 1.672958682405597983e+03 -3.277349799451628769e+03 -4.027606407445951845e+03
6.129070710129186773e+04 -1.758266277435405573e+04 9.248555120047090895e+03 1.428800314763163078e+04 -7.866182279967981231e+03 1.015993249738782106e+04 -5.734664178062086648e+03 2.821008707054857950e+03 -8.301734094306914358e+02 -2.792906036422511988e+03 -2.332438832327385171e+03 -2.833247850478805049e+03 -1.699457862182317740e+03
1.889346667090405390e+04 3.596415933068054437e+04 -5.372801292001597176e+04 -7.866182279967981231e+03 1.122552485176706250e+05 -8.615366619156200613e+03 3.077117812096571288e+04 -2.151765455062712135e+04 -7.817697875168545579e+03 -1.516070226033706967e+04 -8.528604532100065398e+02 2.877142154621610644e+03 6.278877792066647089e+03
6.981199682803543510e+03 -1.616759200565595893e+04 6.101885169650654461e+03 1.015993249738782106e+04 -8.615366619156200613e+03 1.390736321862301156e+04 -2.012074347844904878e+03 3.494447677284534166e+03 -1.080058448549020568e+03 -2.571264609067707170e+03 -5.732004090120428373e+03 -2.029179026813659448e+02 -1.981063533300200561e+03
-6.841796417681989260e+04 1.763731704251689735e+04 -1.906223288775336550e+04 -5.734664178062086648e+03 3.077117812096571288e+04 -2.012074347844904878e+03 1.445532213173352466e+04 -5.184239244722833973e+03 -4.905252506617529775e+02 -4.087819593398843153e+03 -3.379172933746106992e+03 2.426369162175048587e+03 1.855309595034055519e+03
-7.259487318784597846e+03 -8.467252141304816178e+03 1.040597580532196662e+04 2.821008707054857950e+03 -2.151765455062712135e+04 3.494447677284534166e+03 -5.184239244722833973e+03 5.486176311186692146e+03 1.479457099937737894e+03 1.970587885354933860e+03 -1.383528344423351200e+03 -3.383920550886339811e+02 -1.215439365230589146e+03
-2.356849521819124129e+04 2.375305709881696657e+03 2.588019577178165036e+03 -8.301734094306914358e+02 -7.817697875168545579e+03 -1.080058448549020568e+03 -4.905252506617529775e+02 1.479457099937737894e+03 2.697649006618669773e+03 1.285533523360481468e+03 5.414089469052324830e+02 -2.494096039516945780e+02 -6.783173846896920622e+02
-1.652782645416324522e+04 -6.832706361436424913e+02 6.558454436846060162e+03 -2.792906036422511988e+03 -1.516070226033706967e+04 -2.571264609067707170e+03 -4.087819593398843153e+03 1.970587885354933860e+03 1.285533523360481468e+03 5.140914483102541453e+03 1.912344981319529097e+03 -2.134017227589804691e+02 -4.169639868594151721e+02
3.175312801897546888e+04 2.261442476963601166e+03 1.672958682405597983e+03 -2.332438832327385171e+03 -8.528604532100065398e+02 -5.732004090120428373e+03 -3.379172933746106992e+03 -1.383528344423351200e+03 5.414089469052324830e+02 1.912344981319529097e+03 4.804250730155827114e+03 -9.277559704338909796e+02 2.281809009242381876e+02
-1.802884536298570674e+04 2.261692529000747982e+03 -3.277349799451628769e+03 -2.833247850478805049e+03 2.877142154621610644e+03 -2.029179026813659448e+02 2.426369162175048587e+03 -3.383920550886339811e+02 -2.494096039516945780e+02 -2.134017227589804691e+02 -9.277559704338909796e+02 1.625103963048195510e+03 4.697909662415765979e+02
-2.562266880039923763e+03 2.536957448309518441e+03 -4.027606407445951845e+03 -1.699457862182317740e+03 6.278877792066647089e+03 -1.981063533300200561e+03 1.855309595034055519e+03 -1.215439365230589146e+03 -6.783173846896920622e+02 -4.169639868594151721e+02 2.281809009242381876e+02 4.697909662415765979e+02 1.562716406833211749e+03
